# Time-averaged data for fix myfixR2
# TimeStep c_R2[0]
1002000 3.45442
1003000 3.41519
1004000 3.43541
1005000 3.42809
1006000 3.36435
1007000 3.22156
1008000 3.07997
1009000 2.9207
1010000 2.93517
1011000 3.07266
1012000 3.05211
1013000 2.96417
1014000 3.05364
1015000 3.11982
1016000 3.02923
1017000 2.94015
1018000 2.90045
1019000 2.89143
1020000 2.96258
1021000 3.06601
1022000 2.96618
1023000 2.87201
1024000 2.79358
1025000 2.73367
1026000 2.72572
1027000 2.75072
1028000 2.82085
1029000 2.83365
1030000 2.79923
1031000 2.7579
1032000 2.7403
1033000 2.9113
1034000 2.94309
1035000 2.8216
1036000 2.57508
1037000 2.38522
1038000 2.3316
1039000 2.44255
1040000 2.60087
1041000 2.57953
1042000 2.35878
1043000 2.37916
1044000 2.46329
1045000 2.45313
1046000 2.41359
1047000 2.36055
1048000 2.23575
1049000 2.19287
1050000 2.15539
1051000 2.19228
1052000 2.19141
1053000 2.11828
1054000 2.04959
1055000 2.08061
1056000 2.15446
1057000 2.1251
1058000 2.13188
1059000 2.14999
1060000 2.12408
1061000 2.12004
1062000 2.18287
1063000 2.28611
1064000 2.19911
1065000 2.11198
1066000 2.07224
1067000 2.03962
1068000 2.04681
1069000 2.05227
1070000 2.04367
1071000 2.11414
1072000 2.17202
1073000 2.20171
1074000 2.09591
1075000 1.92458
1076000 2.05047
1077000 2.18474
1078000 2.11042
1079000 2.11402
1080000 2.09898
1081000 2.02004
1082000 1.93613
1083000 1.91737
1084000 1.98946
1085000 1.93255
1086000 1.9441
1087000 1.98015
1088000 2.05693
1089000 2.17598
1090000 2.32398
1091000 2.31493
1092000 2.16225
1093000 2.05286
1094000 2.02294
1095000 2.04446
1096000 2.09278
1097000 2.04914
1098000 1.96088
1099000 2.05344
1100000 2.06257
1101000 2.06943
1102000 2.08192
1103000 1.90578
1104000 1.87189
1105000 2.01309
1106000 2.01487
1107000 1.95952
1108000 2.04667
1109000 2.16012
1110000 2.19202
1111000 2.11982
1112000 2.14132
1113000 2.16085
1114000 2.14592
1115000 2.1641
1116000 2.22835
1117000 2.24016
1118000 2.36516
1119000 2.26123
1120000 2.11268
1121000 2.18736
1122000 2.19975
1123000 2.29124
1124000 2.37795
1125000 2.36534
1126000 2.31463
1127000 2.13078
1128000 1.96832
1129000 1.9892
1130000 2.086
1131000 2.05748
1132000 1.93608
1133000 1.86693
1134000 1.93786
1135000 2.11467
1136000 2.18286
1137000 2.1205
1138000 1.94659
1139000 1.87901
1140000 1.9276
1141000 1.96545
1142000 2.11735
1143000 2.21312
1144000 2.10281
1145000 2.05003
1146000 2.09814
1147000 2.07785
1148000 2.01257
1149000 2.04908
1150000 2.17776
1151000 2.31601
1152000 2.45276
1153000 2.39303
1154000 2.2142
1155000 2.10852
1156000 2.19332
1157000 2.28458
1158000 2.40903
1159000 2.50292
1160000 2.48723
1161000 2.50376
1162000 2.56453
1163000 2.65588
1164000 2.59358
1165000 2.471
1166000 2.37545
1167000 2.31199
1168000 2.36957
1169000 2.38393
1170000 2.32175
1171000 2.166
1172000 2.03956
1173000 1.98794
1174000 1.90389
1175000 1.82641
1176000 1.89451
1177000 1.88024
1178000 1.94606
1179000 1.92433
1180000 1.97102
1181000 2.05327
1182000 2.00146
1183000 2.03184
1184000 1.98783
1185000 2.07792
1186000 2.09978
1187000 2.16037
1188000 2.24414
1189000 2.26228
1190000 2.30462
1191000 2.25813
1192000 2.16413
1193000 2.12397
1194000 2.25721
1195000 2.3235
1196000 2.46193
1197000 2.47553
1198000 2.31988
1199000 2.18058
1200000 2.04313
1201000 2.00148
1202000 2.03511
1203000 1.98301
1204000 1.94059
1205000 2.03225
1206000 2.0872
1207000 2.11883
1208000 2.03755
1209000 2.07798
1210000 2.14787
1211000 2.15043
1212000 2.20964
1213000 2.17743
1214000 2.15513
1215000 2.16923
1216000 2.12691
1217000 2.06727
1218000 2.08392
1219000 2.24122
1220000 2.35056
1221000 2.3776
1222000 2.36224
1223000 2.27627
1224000 2.20555
1225000 2.14743
1226000 2.0922
1227000 2.11226
1228000 2.06744
1229000 2.04627
1230000 2.02802
1231000 2.008
1232000 1.9159
1233000 1.87447
1234000 1.8565
1235000 1.93694
1236000 1.96863
1237000 1.91617
1238000 1.95123
1239000 1.89555
1240000 1.88429
1241000 1.82585
1242000 1.86003
1243000 1.94391
1244000 1.9171
1245000 1.946
1246000 1.91701
1247000 1.94141
1248000 1.91884
1249000 1.9803
1250000 2.09873
1251000 1.95461
1252000 1.92903
1253000 1.89733
1254000 1.90637
1255000 2.00185
1256000 2.06356
1257000 2.02809
1258000 1.94491
1259000 1.88656
1260000 1.96588
1261000 2.05608
1262000 2.11125
1263000 2.07738
1264000 2.13128
1265000 2.10344
1266000 2.04364
1267000 2.02519
1268000 1.96486
1269000 1.94717
1270000 2.04519
1271000 2.06707
1272000 2.00656
1273000 1.9421
1274000 1.88029
1275000 1.8571
1276000 1.9163
1277000 1.98747
1278000 1.99484
1279000 1.82848
1280000 1.68526
1281000 1.59647
1282000 1.75954
1283000 1.74575
1284000 1.72005
1285000 1.67403
1286000 1.78714
1287000 1.77629
1288000 1.72216
1289000 1.74651
1290000 1.71663
1291000 1.83773
1292000 1.8556
1293000 1.78544
1294000 1.71077
1295000 1.76224
1296000 1.70151
1297000 1.66328
1298000 1.77255
1299000 1.8413
1300000 1.70491
1301000 1.63162
1302000 1.64575
1303000 1.65398
1304000 1.67461
1305000 1.81851
1306000 1.87686
1307000 1.90019
1308000 1.89963
1309000 1.77893
1310000 1.76468
1311000 1.75052
1312000 1.70875
1313000 1.73523
1314000 1.83186
1315000 1.90973
1316000 1.91419
1317000 1.90749
1318000 1.76599
1319000 1.734
1320000 1.75219
1321000 1.73142
1322000 1.74897
1323000 1.8358
1324000 1.96059
1325000 1.98887
1326000 2.09156
1327000 2.09756
1328000 2.14072
1329000 2.14937
1330000 2.1379
1331000 2.12823
1332000 2.19459
1333000 2.12154
1334000 2.02776
1335000 2.02638
1336000 2.11092
1337000 2.14283
1338000 2.03284
1339000 2.00723
1340000 2.07864
1341000 2.11263
1342000 2.07591
1343000 1.91753
1344000 1.95206
1345000 1.9364
1346000 1.84108
1347000 1.85999
1348000 2.00208
1349000 2.00455
1350000 2.03197
1351000 2.00174
1352000 2.00125
1353000 2.01462
1354000 2.01774
1355000 2.03309
1356000 2.05569
1357000 2.14434
1358000 2.1145
1359000 2.17822
1360000 2.2257
1361000 2.2292
1362000 2.28279
1363000 2.31831
1364000 2.18798
1365000 2.06255
1366000 2.00617
1367000 1.959
1368000 1.92687
1369000 1.88408
1370000 1.78942
1371000 1.77762
1372000 1.72548
1373000 1.70705
1374000 1.72986
1375000 1.74138
1376000 1.77523
1377000 1.75326
1378000 1.7265
1379000 1.84541
1380000 1.82895
1381000 1.67734
1382000 1.63328
1383000 1.70497
1384000 1.7795
1385000 1.87319
1386000 1.80858
1387000 1.80267
1388000 1.87782
1389000 1.75365
1390000 1.73628
1391000 1.86699
1392000 1.96945
1393000 2.08481
1394000 2.132
1395000 2.08358
1396000 1.99716
1397000 1.96191
1398000 2.00436
1399000 1.97533
1400000 1.99934
1401000 1.98453
1402000 1.89081
1403000 1.90375
1404000 2.07957
1405000 2.08573
1406000 2.03854
1407000 2.01461
1408000 1.97638
1409000 1.96258
1410000 1.86059
1411000 1.7751
1412000 1.76555
1413000 1.83252
1414000 1.86818
1415000 1.83453
1416000 1.87843
1417000 1.892
1418000 1.99103
1419000 2.06374
1420000 2.0242
1421000 2.01883
1422000 1.97064
1423000 1.9302
1424000 1.87734
1425000 1.90301
1426000 1.90395
1427000 1.89962
1428000 1.91743
1429000 1.98904
1430000 2.04417
1431000 2.08664
1432000 2.05147
1433000 1.97846
1434000 1.89836
1435000 1.90261
1436000 1.79449
1437000 1.86385
1438000 2.00013
1439000 2.11095
1440000 2.08943
1441000 2.00903
1442000 2.03673
1443000 2.07571
1444000 2.07057
1445000 2.03582
1446000 2.02594
1447000 2.01811
1448000 1.91685
1449000 1.89182
1450000 1.93002
1451000 1.98441
1452000 1.98652
1453000 2.02698
1454000 2.01131
1455000 1.96344
1456000 1.93838
1457000 2.00732
1458000 1.99808
1459000 1.95008
1460000 1.87393
1461000 1.82903
1462000 1.69805
1463000 1.73817
1464000 1.76776
1465000 1.78462
1466000 1.71418
1467000 1.69283
1468000 1.64699
1469000 1.81631
1470000 1.79328
1471000 1.91669
1472000 2.00961
1473000 1.99464
1474000 1.90109
1475000 1.83173
1476000 1.83703
1477000 1.95603
1478000 1.98271
1479000 1.88445
1480000 1.9281
1481000 1.9598
1482000 2.01825
1483000 2.10885
1484000 2.15137
1485000 2.06546
1486000 1.89691
1487000 1.8248
1488000 1.85263
1489000 1.7933
1490000 1.77695
1491000 1.84353
1492000 1.87502
1493000 1.83132
1494000 1.75409
1495000 1.78467
1496000 1.89332
1497000 1.87598
1498000 1.90678
1499000 1.96848
1500000 1.93317
1501000 1.92996
1502000 1.79863
1503000 1.82368
1504000 1.85501
1505000 1.88645
1506000 1.86054
1507000 1.88903
1508000 2.00933
1509000 2.00221
1510000 1.98559
1511000 2.1025
1512000 2.18414
1513000 2.08886
1514000 2.02392
1515000 1.88808
1516000 1.85789
1517000 1.79859
1518000 1.76592
1519000 1.82142
1520000 1.90913
1521000 1.99622
1522000 2.07405
1523000 2.00667
1524000 1.99959
1525000 2.08894
1526000 2.08549
1527000 2.05496
1528000 1.90557
1529000 1.79573
1530000 1.66166
1531000 1.71492
1532000 1.73465
1533000 1.83692
1534000 1.7942
1535000 1.82879
1536000 1.97334
1537000 2.00202
1538000 1.95691
1539000 1.91223
1540000 1.88879
1541000 1.88785
1542000 1.8479
1543000 1.82086
1544000 1.82913
1545000 1.82706
1546000 1.84704
1547000 1.88042
1548000 1.89009
1549000 2.02544
1550000 2.16808
1551000 2.13771
1552000 2.27485
1553000 2.38163
1554000 2.40983
1555000 2.51167
1556000 2.56274
1557000 2.52036
1558000 2.55702
1559000 2.48316
1560000 2.54202
1561000 2.6454
1562000 2.72003
1563000 2.8106
1564000 2.91429
1565000 2.93206
1566000 2.84565
1567000 2.61634
1568000 2.4494
1569000 2.39667
1570000 2.45035
1571000 2.48756
1572000 2.42406
1573000 2.39763
1574000 2.36635
1575000 2.38945
1576000 2.34977
1577000 2.33954
1578000 2.35758
1579000 2.47932
1580000 2.47915
1581000 2.45353
1582000 2.27848
1583000 2.16499
1584000 2.24027
1585000 2.22419
1586000 2.18727
1587000 2.22175
1588000 2.21637
1589000 2.03446
1590000 1.85295
1591000 1.83258
1592000 1.98993
1593000 2.07925
1594000 2.04555
1595000 1.96688
1596000 1.94901
1597000 1.89617
1598000 1.77777
1599000 1.7643
1600000 1.8129
1601000 1.775
1602000 1.79964
1603000 1.87502
1604000 1.9763
1605000 2.01678
1606000 1.90382
1607000 1.9149
1608000 1.86008
1609000 1.80644
1610000 1.80006
1611000 1.7242
1612000 1.77324
1613000 1.8988
1614000 1.85719
1615000 1.83891
1616000 1.7625
1617000 1.82678
1618000 1.89587
1619000 1.85616
1620000 1.8474
1621000 1.93358
1622000 1.90469
1623000 1.80135
1624000 1.70151
1625000 1.75974
1626000 1.77778
1627000 1.90374
1628000 1.98608
1629000 1.81704
1630000 1.79517
1631000 1.82057
1632000 1.84044
1633000 1.74727
1634000 1.80752
1635000 1.87356
1636000 1.87096
1637000 2.00686
1638000 2.00916
1639000 1.98117
1640000 2.09075
1641000 2.02775
1642000 1.95471
1643000 1.99237
1644000 2.05285
1645000 2.12589
1646000 2.14243
1647000 2.04999
1648000 2.01176
1649000 2.07779
1650000 2.06476
1651000 2.08335
1652000 1.99394
1653000 1.94768
1654000 1.96524
1655000 2.02842
1656000 2.1732
1657000 2.08764
1658000 2.09544
1659000 2.04188
1660000 2.1065
1661000 2.16482
1662000 2.14334
1663000 2.1708
1664000 2.04259
1665000 1.98557
1666000 1.99889
1667000 2.03419
1668000 1.96593
1669000 1.86039
1670000 1.86571
1671000 1.98714
1672000 2.05314
1673000 2.1575
1674000 2.15519
1675000 2.09687
1676000 2.16763
1677000 2.22273
1678000 2.23995
1679000 2.16233
1680000 1.97692
1681000 1.98969
1682000 2.07179
1683000 2.10901
1684000 2.12078
1685000 2.0844
1686000 2.02585
1687000 1.96275
1688000 1.93478
1689000 1.94056
1690000 1.97752
1691000 1.98974
1692000 1.94525
1693000 1.86375
1694000 1.78977
1695000 1.77055
1696000 1.77428
1697000 1.76651
1698000 1.72649
1699000 1.74811
1700000 1.74965
1701000 1.78522
1702000 1.8101
1703000 1.83557
1704000 1.80962
1705000 1.77878
1706000 1.73896
1707000 1.75454
1708000 1.84995
1709000 1.92274
1710000 1.86387
1711000 1.81658
1712000 1.82075
1713000 1.83207
1714000 1.74324
1715000 1.64242
1716000 1.71817
1717000 1.70347
1718000 1.65007
1719000 1.55647
1720000 1.53797
1721000 1.57129
1722000 1.62114
1723000 1.69918
1724000 1.59662
1725000 1.53366
1726000 1.59364
1727000 1.64516
1728000 1.64048
1729000 1.63866
1730000 1.60368
1731000 1.65248
1732000 1.6399
1733000 1.63787
1734000 1.69172
1735000 1.69184
1736000 1.67546
1737000 1.63618
1738000 1.58148
1739000 1.52191
1740000 1.5381
1741000 1.64049
1742000 1.51976
1743000 1.57706
1744000 1.59719
1745000 1.56076
1746000 1.54797
1747000 1.59394
1748000 1.52714
1749000 1.48524
1750000 1.60219
1751000 1.60113
1752000 1.56739
1753000 1.5813
1754000 1.50329
1755000 1.51034
1756000 1.53845
1757000 1.55142
1758000 1.49529
1759000 1.50667
1760000 1.54619
1761000 1.55161
1762000 1.62092
1763000 1.61117
1764000 1.56071
1765000 1.52893
1766000 1.54737
1767000 1.55726
1768000 1.49666
1769000 1.5222
1770000 1.5369
1771000 1.55136
1772000 1.60963
1773000 1.5844
1774000 1.65099
1775000 1.67573
1776000 1.62116
1777000 1.59747
1778000 1.61463
1779000 1.59585
1780000 1.64681
1781000 1.68927
1782000 1.70042
1783000 1.67872
1784000 1.68948
1785000 1.61939
1786000 1.5914
1787000 1.61248
1788000 1.65686
1789000 1.57698
1790000 1.67415
1791000 1.76163
1792000 1.80856
1793000 1.77989
1794000 1.73257
1795000 1.79019
1796000 1.85363
1797000 1.8806
1798000 1.82401
1799000 1.88564
1800000 1.78163
1801000 1.71483
1802000 1.85098
1803000 1.90131
1804000 1.88524
1805000 1.8561
1806000 1.83862
1807000 1.83889
1808000 1.76852
1809000 1.80472
1810000 1.79522
1811000 1.69065
1812000 1.6948
1813000 1.75599
1814000 1.79242
1815000 1.7458
1816000 1.74511
1817000 1.79679
1818000 1.8262
1819000 1.72734
1820000 1.75092
1821000 1.77461
1822000 1.80604
1823000 1.75191
1824000 1.84903
1825000 1.88582
1826000 1.89851
1827000 1.85931
1828000 1.72827
1829000 1.68699
1830000 1.69488
1831000 1.6641
1832000 1.7153
1833000 1.73446
1834000 1.78604
1835000 1.844
1836000 1.77423
1837000 1.65575
1838000 1.65416
1839000 1.6398
1840000 1.62782
1841000 1.74623
1842000 1.6347
1843000 1.55877
1844000 1.60207
1845000 1.69612
1846000 1.81862
1847000 1.80045
1848000 1.86839
1849000 1.91547
1850000 1.83598
1851000 1.79114
1852000 1.69942
1853000 1.63589
1854000 1.68314
1855000 1.74668
1856000 1.65551
1857000 1.53995
1858000 1.59006
1859000 1.61385
1860000 1.59149
1861000 1.57553
1862000 1.57149
1863000 1.73347
1864000 1.76043
1865000 1.86163
1866000 1.80841
1867000 1.76386
1868000 1.71602
1869000 1.66423
1870000 1.64488
1871000 1.6258
1872000 1.64551
1873000 1.67871
1874000 1.61205
1875000 1.55564
1876000 1.53654
1877000 1.54779
1878000 1.54974
1879000 1.60247
1880000 1.59415
1881000 1.60807
1882000 1.5888
1883000 1.53879
1884000 1.52762
1885000 1.59834
1886000 1.58378
1887000 1.55992
1888000 1.5433
1889000 1.53708
1890000 1.51487
1891000 1.55019
1892000 1.57012
1893000 1.63852
1894000 1.62045
1895000 1.5587
1896000 1.65715
1897000 1.70862
1898000 1.63747
1899000 1.61654
1900000 1.65735
1901000 1.65156
1902000 1.64803
1903000 1.69719
1904000 1.65483
1905000 1.60343
1906000 1.52972
1907000 1.48162
1908000 1.50397
1909000 1.50498
1910000 1.48797
1911000 1.5201
1912000 1.54636
1913000 1.52449
1914000 1.46825
1915000 1.49793
1916000 1.47207
1917000 1.49394
1918000 1.50102
1919000 1.48684
1920000 1.42906
1921000 1.47821
1922000 1.40377
1923000 1.33873
1924000 1.42553
1925000 1.38618
1926000 1.34749
1927000 1.40414
1928000 1.34875
1929000 1.32374
1930000 1.37923
1931000 1.42092
1932000 1.41981
1933000 1.46934
1934000 1.47409
1935000 1.40134
1936000 1.45185
1937000 1.52932
1938000 1.58595
1939000 1.54332
1940000 1.50155
1941000 1.6113
1942000 1.51428
1943000 1.51753
1944000 1.57349
1945000 1.54397
1946000 1.47065
1947000 1.5712
1948000 1.66616
1949000 1.6111
1950000 1.69152
1951000 1.75823
1952000 1.77176
1953000 1.81429
1954000 1.90474
1955000 1.908
1956000 1.78186
1957000 1.6563
1958000 1.65878
1959000 1.72475
1960000 1.74473
1961000 1.69015
1962000 1.69411
1963000 1.73897
1964000 1.6813
1965000 1.64441
1966000 1.65752
1967000 1.67104
1968000 1.70491
1969000 1.69633
1970000 1.68506
1971000 1.67042
1972000 1.7027
1973000 1.77444
1974000 1.77618
1975000 1.76532
1976000 1.75475
1977000 1.75587
1978000 1.68379
1979000 1.65442
1980000 1.74591
1981000 1.8132
1982000 1.74548
1983000 1.62563
1984000 1.61936
1985000 1.60389
1986000 1.63869
1987000 1.69217
1988000 1.74698
1989000 1.67489
1990000 1.74086
1991000 1.71204
1992000 1.66674
1993000 1.64042
1994000 1.6673
1995000 1.58906
1996000 1.4308
1997000 1.47687
1998000 1.5114
1999000 1.54602
2000000 1.5392
2001000 1.5379
2002000 1.53656
2003000 1.61256
2004000 1.58341
2005000 1.54693
2006000 1.57156
2007000 1.64327
2008000 1.65928
2009000 1.60251
2010000 1.57644
2011000 1.5916
2012000 1.52719
2013000 1.55857
2014000 1.55091
2015000 1.53018
2016000 1.57686
2017000 1.60008
2018000 1.59173
2019000 1.61667
2020000 1.60132
2021000 1.65322
2022000 1.60332
2023000 1.57699
2024000 1.56735
2025000 1.56009
2026000 1.57674
2027000 1.55149
2028000 1.57429
2029000 1.6093
2030000 1.59922
2031000 1.50084
2032000 1.4352
2033000 1.51336
2034000 1.67453
2035000 1.7182
2036000 1.72771
2037000 1.77528
2038000 1.74389
2039000 1.74397
2040000 1.71274
2041000 1.57406
2042000 1.5614
2043000 1.61977
2044000 1.78939
2045000 1.88486
2046000 1.96686
2047000 1.95593
2048000 1.86278
2049000 1.7949
2050000 1.73496
2051000 1.7445
2052000 1.71799
2053000 1.68237
2054000 1.66821
2055000 1.62953
2056000 1.73732
2057000 1.95787
2058000 2.0502
2059000 2.05286
2060000 1.91656
2061000 1.87933
2062000 2.03509
2063000 2.05915
2064000 1.9665
2065000 1.99284
2066000 1.99548
2067000 2.01315
2068000 2.0003
2069000 1.88412
2070000 1.71343
2071000 1.84931
2072000 1.96213
2073000 1.96021
2074000 1.9951
2075000 1.91351
2076000 1.84266
2077000 1.91654
2078000 1.89937
2079000 1.91386
2080000 1.90005
2081000 1.8283
2082000 1.85506
2083000 1.9629
2084000 1.98675
2085000 1.86877
2086000 1.80725
2087000 1.87378
2088000 1.90632
2089000 1.85969
2090000 1.94863
2091000 2.00058
2092000 1.96007
2093000 1.95243
2094000 1.98353
2095000 1.98906
2096000 2.00418
2097000 1.952
2098000 1.96554
2099000 1.9402
2100000 1.89677
2101000 1.93444
2102000 1.96559
2103000 1.92185
2104000 1.93875
2105000 1.98933
2106000 1.9477
2107000 1.94619
2108000 1.8753
2109000 1.82823
2110000 1.81869
2111000 1.78004
2112000 1.83286
2113000 1.93555
2114000 2.04823
2115000 2.12851
2116000 2.08421
2117000 1.97685
2118000 1.85749
2119000 1.91601
2120000 2.06627
2121000 2.11487
2122000 2.09182
2123000 2.03068
2124000 2.01277
2125000 1.97558
2126000 2.09535
2127000 2.10906
2128000 2.23563
2129000 2.40223
2130000 2.42445
2131000 2.33973
2132000 2.32156
2133000 2.2283
2134000 2.10973
2135000 2.04
2136000 1.95837
2137000 1.88894
2138000 1.83457
2139000 1.94458
2140000 2.1542
2141000 2.26509
2142000 2.27926
2143000 2.22189
2144000 2.20258
2145000 2.21229
2146000 2.13493
2147000 2.07455
2148000 2.20817
2149000 2.24355
2150000 2.2096
2151000 2.30118
2152000 2.34127
2153000 2.34928
2154000 2.25466
2155000 2.2598
2156000 2.40747
2157000 2.41981
2158000 2.22437
2159000 2.13617
2160000 2.14819
2161000 2.23393
