# Fix print output for fix myfixTypes
0,39,41,400,0
0,39,41,398,2
0,39,41,397,3
0,39,41,395,5
0,39,41,395,5
0,39,41,395,5
0,39,41,394,6
0,39,41,393,7
0,39,41,392,8
0,39,41,392,8
0,39,41,392,8
0,39,41,392,8
0,39,41,391,9
0,39,41,391,9
0,39,41,391,9
0,39,41,391,9
0,39,41,391,9
0,39,41,391,9
0,39,41,391,9
0,39,41,391,9
0,39,41,391,9
0,39,41,391,9
0,39,41,391,9
0,39,41,391,9
0,39,41,390,10
0,39,41,390,10
0,39,41,390,10
0,39,41,390,10
0,39,41,390,10
0,39,41,390,10
0,39,41,389,11
0,39,41,389,11
0,39,41,389,11
0,39,41,389,11
0,39,41,389,11
0,39,41,389,11
0,39,41,389,11
0,39,41,389,11
0,39,41,389,11
0,39,41,389,11
0,39,41,389,11
0,39,41,389,11
0,39,41,388,12
0,39,41,387,13
0,39,41,387,13
0,39,41,387,13
0,39,41,387,13
0,39,41,387,13
0,39,41,387,13
0,39,41,386,14
0,39,41,386,14
0,39,41,386,14
0,39,41,386,14
0,39,41,385,15
0,39,41,385,15
0,33,47,392,8
1,31,48,392,8
4,26,50,392,8
7,22,51,392,8
8,19,53,392,8
8,20,52,391,9
10,15,55,391,9
12,12,56,391,9
12,12,56,390,10
12,12,56,390,10
14,8,58,390,10
16,9,55,389,11
18,7,55,390,10
21,5,54,389,11
22,3,55,390,10
24,3,53,389,11
22,4,54,389,11
25,2,53,389,11
24,7,49,389,11
25,8,47,390,10
25,9,46,390,10
26,11,43,389,11
27,10,43,389,11
30,7,43,389,11
32,5,43,388,12
30,8,42,388,12
28,10,42,388,12
30,9,41,388,12
35,6,39,387,13
34,9,37,386,14
33,8,39,386,14
35,7,38,386,14
36,9,35,386,14
37,6,37,386,14
39,5,36,386,14
38,6,36,385,15
34,10,36,384,16
35,8,37,384,16
34,7,39,385,15
33,8,39,385,15
33,9,38,385,15
36,9,35,385,15
37,8,35,385,15
37,7,36,385,15
30,15,35,385,15
30,15,35,385,15
35,13,32,385,15
36,12,32,385,15
36,12,32,385,15
35,10,35,385,15
36,10,34,385,15
37,10,33,385,15
39,10,31,385,15
39,7,34,385,15
38,6,36,385,15
37,5,38,385,15
38,7,35,385,15
35,11,34,385,15
35,9,36,385,15
34,12,34,385,15
36,8,36,385,15
36,9,35,385,15
36,7,37,383,17
37,7,36,384,16
37,8,35,383,17
34,12,34,383,17
34,12,34,383,17
33,11,36,384,16
34,11,35,384,16
36,7,37,384,16
36,8,36,384,16
33,11,36,384,16
36,9,35,384,16
33,9,38,384,16
35,8,37,384,16
35,6,39,383,17
38,4,38,384,16
37,3,40,384,16
37,6,37,385,15
39,4,37,384,16
38,5,37,384,16
37,6,37,384,16
35,8,37,383,17
38,5,37,382,18
39,5,36,382,18
37,6,37,382,18
38,6,36,382,18
38,5,37,382,18
37,8,35,382,18
36,10,34,382,18
36,9,35,382,18
36,9,35,382,18
35,8,37,382,18
36,7,37,382,18
37,12,31,382,18
39,9,32,382,18
39,8,33,382,18
42,5,33,382,18
37,11,32,382,18
37,11,32,382,18
36,11,33,382,18
35,13,32,382,18
37,10,33,382,18
36,13,31,382,18
34,15,31,382,18
35,13,32,382,18
36,12,32,382,18
44,6,30,383,17
44,5,31,383,17
42,6,32,382,18
42,7,31,382,18
36,13,31,383,17
33,14,33,384,16
33,11,36,382,18
31,10,39,383,17
33,8,39,383,17
32,7,41,382,18
31,6,43,382,18
29,7,44,382,18
27,11,42,382,18
26,14,40,382,18
25,15,40,382,18
27,17,36,382,18
25,21,34,382,18
27,19,34,382,18
29,14,37,382,18
30,14,36,383,17
30,16,34,382,18
32,13,35,381,19
32,10,38,381,19
31,11,38,381,19
34,8,38,382,18
34,10,36,380,20
34,12,34,380,20
35,12,33,380,20
37,8,35,380,20
39,6,35,380,20
39,7,34,380,20
38,8,34,380,20
36,10,34,379,21
38,9,33,379,21
36,11,33,379,21
38,8,34,379,21
34,11,35,379,21
34,12,34,378,22
35,10,35,378,22
34,13,33,378,22
35,10,35,378,22
37,10,33,379,21
39,11,30,379,21
39,9,32,379,21
39,10,31,379,21
41,9,30,379,21
38,12,30,378,22
35,14,31,378,22
32,15,33,377,23
30,17,33,378,22
30,16,34,378,22
27,20,33,378,22
24,22,34,378,22
28,21,31,379,21
30,19,31,379,21
31,15,34,379,21
29,18,33,379,21
31,12,37,379,21
33,13,34,379,21
33,12,35,379,21
33,13,34,379,21
32,12,36,379,21
33,10,37,378,22
31,13,36,378,22
32,6,42,378,22
29,8,43,378,22
27,8,45,377,23
27,8,45,377,23
27,8,45,377,23
26,8,46,377,23
30,5,45,377,23
30,5,45,377,23
29,7,44,377,23
28,7,45,377,23
29,4,47,377,23
31,4,45,377,23
29,5,46,377,23
29,9,42,376,24
29,11,40,375,25
30,12,38,375,25
30,9,41,376,24
29,10,41,376,24
26,11,43,376,24
28,9,43,376,24
28,7,45,376,24
29,9,42,376,24
29,11,40,375,25
26,14,40,374,26
25,16,39,374,26
25,15,40,375,25
26,13,41,376,24
26,13,41,375,25
29,8,43,375,25
31,9,40,375,25
29,8,43,375,25
27,12,41,375,25
25,14,41,374,26
25,15,40,374,26
24,14,42,374,26
26,14,40,374,26
24,18,38,374,26
25,16,39,373,27
22,16,42,372,28
23,17,40,372,28
22,17,41,371,29
24,14,42,372,28
27,11,42,372,28
28,10,42,372,28
27,12,41,372,28
26,11,43,372,28
26,11,43,372,28
26,11,43,372,28
26,11,43,372,28
26,11,43,372,28
25,9,46,372,28
24,10,46,373,27
24,10,46,373,27
26,8,46,373,27
25,9,46,373,27
26,7,47,373,27
23,9,48,373,27
22,7,51,373,27
22,7,51,373,27
18,12,50,373,27
16,11,53,373,27
16,11,53,373,27
16,13,51,373,27
23,5,52,372,28
25,4,51,373,27
24,4,52,373,27
21,7,52,373,27
21,7,52,372,28
21,8,51,372,28
22,7,51,372,28
23,8,49,372,28
25,7,48,372,28
27,4,49,372,28
28,5,47,371,29
29,5,46,371,29
24,11,45,372,28
26,11,43,372,28
24,12,44,372,28
26,11,43,372,28
26,14,40,372,28
24,12,44,372,28
22,12,46,372,28
23,10,47,371,29
22,13,45,371,29
22,10,48,371,29
23,9,48,372,28
21,11,48,372,28
23,9,48,372,28
22,11,47,372,28
20,13,47,372,28
19,12,49,373,27
16,13,51,373,27
19,10,51,373,27
23,8,49,373,27
20,14,46,372,28
20,16,44,372,28
24,12,44,372,28
26,10,44,372,28
24,14,42,372,28
26,13,41,372,28
26,15,39,373,27
26,16,38,373,27
30,11,39,373,27
30,7,43,373,27
30,7,43,373,27
30,8,42,373,27
28,9,43,373,27
28,12,40,373,27
30,9,41,374,26
31,10,39,375,25
31,9,40,375,25
29,11,40,375,25
32,9,39,375,25
29,13,38,375,25
27,14,39,375,25
26,13,41,375,25
27,10,43,375,25
25,9,46,375,25
24,11,45,375,25
25,7,48,374,26
25,10,45,373,27
26,10,44,373,27
27,11,42,373,27
26,14,40,373,27
28,12,40,373,27
29,12,39,373,27
28,13,39,373,27
28,14,38,373,27
29,13,38,373,27
32,11,37,373,27
27,17,36,373,27
26,15,39,373,27
26,13,41,373,27
26,13,41,373,27
25,15,40,373,27
23,13,44,373,27
24,10,46,372,28
25,9,46,372,28
24,7,49,373,27
20,14,46,373,27
20,16,44,373,27
22,15,43,373,27
22,15,43,373,27
21,15,44,373,27
21,15,44,373,27
22,16,42,373,27
23,15,42,373,27
22,15,43,373,27
25,10,45,373,27
25,12,43,373,27
26,8,46,373,27
28,9,43,372,28
27,10,43,372,28
29,9,42,372,28
29,7,44,372,28
28,10,42,372,28
28,12,40,372,28
25,15,40,372,28
23,18,39,372,28
26,16,38,372,28
27,15,38,372,28
28,13,39,372,28
28,12,40,371,29
26,17,37,371,29
28,15,37,371,29
25,20,35,372,28
28,14,38,372,28
31,11,38,372,28
29,12,39,372,28
29,11,40,372,28
28,10,42,371,29
30,10,40,372,28
30,10,40,372,28
29,13,38,373,27
28,16,36,373,27
30,14,36,372,28
29,15,36,371,29
30,12,38,372,28
28,14,38,371,29
30,10,40,370,30
32,10,38,371,29
35,6,39,370,30
31,10,39,371,29
30,9,41,371,29
30,7,43,371,29
30,5,45,371,29
30,6,44,371,29
28,7,45,371,29
30,6,44,371,29
32,6,42,370,30
33,4,43,371,29
32,5,43,371,29
31,6,43,371,29
33,5,42,371,29
34,6,40,371,29
36,3,41,371,29
36,4,40,371,29
32,9,39,370,30
33,8,39,371,29
31,8,41,371,29
29,8,43,371,29
30,9,41,371,29
32,7,41,371,29
35,6,39,371,29
33,8,39,371,29
33,7,40,371,29
34,6,40,371,29
33,9,38,371,29
32,9,39,371,29
35,6,39,371,29
37,4,39,371,29
36,7,37,370,30
38,5,37,370,30
34,5,41,370,30
34,6,40,370,30
34,7,39,370,30
31,10,39,370,30
30,12,38,370,30
32,9,39,370,30
31,13,36,371,29
28,15,37,371,29
31,14,35,371,29
31,11,38,372,28
33,10,37,370,30
35,9,36,371,29
33,11,36,371,29
34,10,36,372,28
33,13,34,374,26
30,15,35,373,27
32,13,35,372,28
31,13,36,373,27
30,15,35,373,27
32,13,35,372,28
30,12,38,372,28
31,10,39,373,27
33,7,40,373,27
31,8,41,373,27
29,7,44,373,27
32,6,42,373,27
32,7,41,373,27
34,4,42,373,27
32,7,41,373,27
31,10,39,373,27
32,11,37,372,28
32,13,35,373,27
33,9,38,373,27
34,9,37,373,27
33,9,38,373,27
34,6,40,373,27
31,8,41,373,27
32,6,42,373,27
35,4,41,373,27
35,1,44,373,27
35,2,43,372,28
32,9,39,372,28
35,7,38,372,28
35,8,37,372,28
36,9,35,372,28
35,9,36,372,28
33,11,36,372,28
35,12,33,372,28
30,14,36,372,28
27,16,37,372,28
29,10,41,371,29
30,9,41,371,29
29,11,40,371,29
29,11,40,372,28
31,12,37,372,28
31,15,34,372,28
29,17,34,372,28
25,22,33,372,28
28,18,34,372,28
26,17,37,373,27
27,18,35,373,27
27,18,35,372,28
29,16,35,373,27
29,14,37,373,27
30,12,38,373,27
27,13,40,373,27
26,13,41,373,27
25,13,42,372,28
28,10,42,372,28
27,9,44,372,28
28,12,40,373,27
26,12,42,373,27
30,4,46,373,27
30,5,45,373,27
30,2,48,373,27
28,3,49,373,27
28,1,51,372,28
26,7,47,373,27
26,8,46,373,27
25,10,45,373,27
26,10,44,373,27
27,9,44,373,27
26,8,46,373,27
26,10,44,373,27
26,5,49,372,28
24,5,51,372,28
25,5,50,372,28
25,3,52,372,28
26,3,51,372,28
19,10,51,372,28
21,7,52,371,29
19,10,51,371,29
21,10,49,370,30
20,13,47,371,29
23,9,48,371,29
24,9,47,371,29
25,8,47,371,29
24,7,49,371,29
25,6,49,371,29
23,8,49,370,30
25,9,46,370,30
25,13,42,370,30
28,12,40,370,30
28,14,38,370,30
33,10,37,370,30
31,12,37,370,30
32,11,37,370,30
36,6,38,369,31
35,6,39,369,31
34,8,38,369,31
35,10,35,369,31
39,7,34,369,31
42,5,33,369,31
40,7,33,369,31
40,9,31,369,31
35,14,31,369,31
32,18,30,371,29
30,20,30,370,30
31,19,30,370,30
31,20,29,370,30
35,15,30,369,31
32,14,34,369,31
34,11,35,370,30
36,8,36,370,30
35,9,36,370,30
32,11,37,370,30
32,14,34,371,29
31,18,31,373,27
29,21,30,373,27
30,19,31,373,27
30,15,35,373,27
28,15,37,372,28
32,10,38,373,27
33,8,39,374,26
36,7,37,374,26
35,7,38,374,26
32,10,38,374,26
33,7,40,374,26
34,6,40,374,26
32,9,39,372,28
32,8,40,373,27
32,10,38,373,27
31,10,39,373,27
33,5,42,371,29
32,7,41,370,30
31,5,44,369,31
29,9,42,369,31
29,8,43,369,31
33,4,43,369,31
28,8,44,369,31
30,6,44,369,31
29,7,44,369,31
25,8,47,369,31
26,7,47,369,31
27,6,47,369,31
25,8,47,369,31
31,4,45,369,31
33,3,44,369,31
31,6,43,369,31
31,6,43,369,31
25,9,46,369,31
26,7,47,369,31
25,9,46,369,31
24,14,42,369,31
27,9,44,369,31
29,8,43,369,31
26,11,43,369,31
27,12,41,369,31
27,10,43,369,31
29,7,44,369,31
27,7,46,369,31
29,6,45,369,31
32,4,44,370,30
33,4,43,370,30
33,4,43,370,30
31,4,45,370,30
30,7,43,370,30
29,8,43,370,30
29,5,46,370,30
34,4,42,370,30
35,3,42,370,30
35,4,41,370,30
35,6,39,370,30
33,8,39,370,30
32,10,38,370,30
32,9,39,370,30
33,8,39,370,30
34,7,39,370,30
33,9,38,370,30
32,9,39,370,30
32,7,41,370,30
36,3,41,370,30
33,10,37,370,30
32,11,37,370,30
33,9,38,370,30
31,11,38,370,30
30,13,37,369,31
32,7,41,369,31
34,4,42,370,30
34,5,41,369,31
33,7,40,370,30
32,9,39,370,30
32,11,37,370,30
31,15,34,369,31
34,9,37,369,31
35,9,36,370,30
38,4,38,369,31
39,3,38,369,31
41,3,36,368,32
41,5,34,367,33
38,7,35,368,32
34,11,35,368,32
34,9,37,368,32
34,8,38,368,32
36,6,38,368,32
38,2,40,368,32
36,5,39,368,32
36,5,39,368,32
33,10,37,368,32
27,17,36,368,32
30,14,36,369,31
29,14,37,368,32
31,13,36,368,32
31,11,38,369,31
29,13,38,369,31
30,15,35,368,32
32,15,33,370,30
33,13,34,369,31
33,13,34,369,31
30,15,35,369,31
27,20,33,369,31
26,21,33,370,30
28,17,35,368,32
28,18,34,369,31
30,16,34,370,30
29,15,36,369,31
28,17,35,369,31
31,12,37,369,31
30,13,37,368,32
31,12,37,368,32
32,12,36,368,32
31,13,36,367,33
30,14,36,367,33
33,12,35,369,31
33,10,37,368,32
32,12,36,368,32
31,12,37,368,32
30,14,36,368,32
29,15,36,367,33
30,13,37,367,33
26,15,39,367,33
26,13,41,366,34
26,14,40,365,35
27,11,42,364,36
28,11,41,364,36
28,10,42,364,36
24,9,47,364,36
24,10,46,364,36
25,10,45,364,36
27,10,43,363,37
29,6,45,363,37
29,6,45,363,37
28,7,45,362,38
26,9,45,363,37
23,7,50,363,37
23,8,49,363,37
24,6,50,363,37
25,6,49,363,37
20,10,50,363,37
25,5,50,363,37
27,4,49,363,37
27,5,48,363,37
27,7,46,363,37
28,7,45,363,37
27,5,48,363,37
26,4,50,363,37
26,3,51,363,37
24,6,50,363,37
24,4,52,363,37
22,6,52,363,37
22,7,51,363,37
23,5,52,363,37
20,5,55,363,37
20,4,56,363,37
18,5,57,363,37
16,7,57,363,37
15,8,57,363,37
18,7,55,362,38
18,10,52,362,38
19,9,52,362,38
23,5,52,362,38
23,6,51,362,38
21,7,52,362,38
22,5,53,362,38
20,8,52,362,38
17,9,54,362,38
16,10,54,362,38
16,10,54,362,38
16,11,53,362,38
16,11,53,362,38
17,10,53,361,39
15,12,53,361,39
16,11,53,361,39
17,10,53,361,39
18,9,53,361,39
15,14,51,361,39
15,10,55,361,39
17,8,55,361,39
19,5,56,361,39
22,4,54,361,39
24,3,53,362,38
22,7,51,362,38
23,4,53,361,39
22,5,53,362,38
21,9,50,362,38
22,9,49,362,38
18,9,53,361,39
18,10,52,362,38
18,10,52,363,37
18,11,51,361,39
19,10,51,361,39
18,14,48,361,39
18,13,49,361,39
19,7,54,361,39
21,7,52,360,40
19,10,51,360,40
17,13,50,360,40
16,14,50,359,41
15,12,53,360,40
15,12,53,360,40
13,16,51,360,40
15,13,52,360,40
15,13,52,360,40
15,14,51,359,41
18,11,51,360,40
17,14,49,359,41
15,14,51,358,42
16,14,50,357,43
19,12,49,357,43
19,11,50,357,43
20,10,50,357,43
18,12,50,358,42
17,14,49,358,42
17,16,47,358,42
16,16,48,358,42
16,16,48,358,42
18,17,45,358,42
21,15,44,358,42
22,14,44,358,42
22,17,41,357,43
25,14,41,358,42
24,17,39,360,40
24,16,40,357,43
26,14,40,358,42
26,15,39,358,42
28,13,39,358,42
36,7,37,361,39
35,4,41,361,39
35,5,40,361,39
34,7,39,361,39
31,9,40,361,39
30,10,40,363,37
33,7,40,366,34
28,10,42,366,34
29,8,43,365,35
27,11,42,366,34
28,10,42,365,35
28,9,43,365,35
28,10,42,365,35
27,12,41,364,36
24,14,42,365,35
27,11,42,366,34
29,9,42,366,34
32,6,42,366,34
31,6,43,366,34
30,11,39,366,34
26,14,40,366,34
27,12,41,366,34
28,11,41,366,34
28,12,40,366,34
27,16,37,366,34
28,14,38,366,34
29,13,38,367,33
25,14,41,366,34
21,18,41,366,34
19,18,43,366,34
21,17,42,366,34
22,14,44,365,35
24,10,46,365,35
26,10,44,365,35
27,7,46,365,35
29,6,45,366,34
28,7,45,366,34
26,10,44,366,34
28,8,44,365,35
26,9,45,367,33
28,6,46,367,33
28,5,47,367,33
26,3,51,367,33
28,0,52,367,33
27,1,52,367,33
26,2,52,367,33
22,3,55,366,34
22,4,54,366,34
20,8,52,366,34
21,7,52,368,32
20,7,53,369,31
20,8,52,369,31
20,8,52,369,31
22,7,51,369,31
22,10,48,369,31
19,11,50,369,31
18,11,51,368,32
14,13,53,367,33
13,12,55,368,32
13,11,56,368,32
12,12,56,368,32
8,15,57,368,32
8,15,57,368,32
8,13,59,368,32
9,12,59,367,33
9,12,59,367,33
9,12,59,367,33
6,14,60,367,33
7,12,61,367,33
8,12,60,367,33
7,14,59,368,32
8,11,61,368,32
8,12,60,368,32
6,12,62,368,32
5,12,63,368,32
7,11,62,368,32
7,12,61,368,32
6,10,64,368,32
4,12,64,368,32
5,11,64,368,32
5,9,66,368,32
5,11,64,367,33
6,13,61,367,33
5,12,63,366,34
7,12,61,366,34
8,13,59,365,35
10,13,57,365,35
12,10,58,365,35
13,10,57,365,35
15,11,54,365,35
15,8,57,365,35
13,9,58,365,35
12,11,57,365,35
16,10,54,365,35
16,10,54,364,36
16,8,56,364,36
19,6,55,364,36
17,9,54,364,36
19,11,50,364,36
18,12,50,364,36
18,12,50,364,36
18,13,49,363,37
17,12,51,363,37
13,15,52,363,37
15,11,54,363,37
13,14,53,363,37
14,13,53,363,37
14,10,56,363,37
14,8,58,363,37
16,6,58,363,37
16,6,58,363,37
14,6,60,363,37
11,8,61,363,37
8,11,61,363,37
9,8,63,363,37
8,6,66,363,37
8,8,64,363,37
7,9,64,363,37
8,5,67,363,37
6,5,69,363,37
7,6,67,363,37
8,8,64,363,37
7,7,66,363,37
8,4,68,363,37
10,2,68,363,37
10,3,67,363,37
10,3,67,363,37
8,4,68,363,37
8,6,66,363,37
10,4,66,362,38
10,6,64,364,36
9,5,66,363,37
10,6,64,363,37
11,5,64,363,37
11,6,63,363,37
12,7,61,363,37
14,4,62,363,37
14,5,61,363,37
15,6,59,364,36
12,11,57,364,36
11,11,58,364,36
13,8,59,365,35
12,13,55,365,35
12,10,58,365,35
13,10,57,365,35
14,9,57,365,35
13,11,56,365,35
14,11,55,365,35
14,13,53,364,36
14,16,50,365,35
16,11,53,365,35
14,13,53,365,35
15,16,49,365,35
17,17,46,365,35
20,15,45,365,35
22,17,41,365,35
19,17,44,365,35
17,17,46,364,36
16,18,46,364,36
15,17,48,363,37
17,13,50,364,36
16,13,51,364,36
17,12,51,364,36
16,11,53,364,36
14,12,54,364,36
12,14,54,364,36
13,15,52,364,36
14,12,54,365,35
15,9,56,365,35
18,8,54,366,34
21,6,53,365,35
22,5,53,365,35
20,7,53,365,35
16,13,51,365,35
16,13,51,365,35
15,10,55,365,35
14,14,52,365,35
14,12,54,365,35
16,10,54,365,35
16,9,55,365,35
15,8,57,364,36
14,9,57,364,36
14,7,59,364,36
12,9,59,364,36
11,9,60,364,36
12,7,61,364,36
13,5,62,364,36
13,5,62,364,36
12,6,62,364,36
11,7,62,364,36
11,10,59,364,36
14,5,61,364,36
15,4,61,364,36
14,8,58,364,36
14,8,58,364,36
13,6,61,364,36
13,3,64,363,37
12,4,64,363,37
13,2,65,363,37
13,2,65,362,38
12,6,62,362,38
14,4,62,363,37
11,9,60,363,37
13,4,63,363,37
14,5,61,363,37
12,10,58,362,38
12,13,55,362,38
13,10,57,362,38
13,11,56,361,39
14,10,56,361,39
14,10,56,362,38
17,9,54,361,39
18,7,55,361,39
18,8,54,360,40
17,7,56,360,40
18,11,51,360,40
17,13,50,360,40
17,15,48,360,40
18,14,48,360,40
17,13,50,360,40
14,14,52,360,40
17,12,51,361,39
17,12,51,361,39
17,11,52,361,39
19,11,50,360,40
18,14,48,361,39
17,13,50,361,39
17,11,52,361,39
18,10,52,360,40
16,11,53,360,40
18,12,50,359,41
18,13,49,359,41
21,11,48,359,41
21,12,47,358,42
17,14,49,358,42
16,15,49,358,42
15,17,48,358,42
16,18,46,358,42
16,19,45,358,42
14,22,44,357,43
14,22,44,358,42
15,22,43,360,40
17,19,44,358,42
17,20,43,360,40
19,13,48,359,41
18,13,49,359,41
15,16,49,359,41
14,14,52,359,41
17,14,49,362,38
16,16,48,360,40
16,13,51,360,40
17,12,51,360,40
15,14,51,360,40
16,14,50,359,41
18,12,50,359,41
14,18,48,359,41
15,17,48,360,40
19,14,47,359,41
16,16,48,359,41
18,13,49,358,42
11,41,28,358,42
11,41,28,358,42
11,41,28,358,42
11,41,28,358,42
11,41,28,358,42
11,41,28,358,42
11,41,28,358,42
11,41,28,358,42
11,41,28,358,42
11,41,28,358,42
11,41,28,358,42
11,41,28,358,42
11,41,28,358,42
11,41,28,358,42
11,41,28,358,42
11,41,28,358,42
11,41,28,358,42
11,41,28,358,42
11,41,28,358,42
11,41,28,358,42
11,41,28,358,42
11,41,28,358,42
11,41,28,358,42
11,41,28,358,42
11,41,28,358,42
11,41,28,358,42
11,41,28,358,42
11,41,28,358,42
11,41,28,358,42
11,41,28,358,42
11,41,28,358,42
11,41,28,357,43
11,41,28,357,43
11,41,28,357,43
11,41,28,357,43
11,41,28,357,43
11,41,28,357,43
11,41,28,357,43
11,41,28,356,44
11,41,28,356,44
11,41,28,356,44
11,41,28,356,44
11,41,28,356,44
11,41,28,356,44
11,41,28,356,44
11,41,28,356,44
11,41,28,356,44
11,41,28,356,44
11,41,28,356,44
11,41,28,356,44
11,41,28,356,44
11,41,28,356,44
11,41,28,356,44
11,41,28,356,44
14,38,28,372,28
16,37,27,373,27
15,34,31,370,30
18,33,29,371,29
23,28,29,372,28
30,21,29,371,29
35,16,29,372,28
36,15,29,371,29
35,16,29,371,29
34,17,29,376,24
38,13,29,374,26
37,13,30,371,29
38,13,29,371,29
43,8,29,373,27
41,11,28,372,28
44,7,29,372,28
45,9,26,374,26
44,9,27,373,27
43,9,28,373,27
42,10,28,373,27
46,6,28,375,25
43,6,31,371,29
41,8,31,374,26
41,6,33,372,28
39,9,32,373,27
37,14,29,376,24
39,12,29,373,27
39,12,29,373,27
37,16,27,376,24
40,11,29,373,27
40,11,29,373,27
39,11,30,373,27
36,12,32,372,28
34,12,34,369,31
33,15,32,370,30
31,17,32,372,28
35,15,30,372,28
35,16,29,372,28
38,12,30,371,29
37,11,32,370,30
36,11,33,371,29
38,12,30,372,28
38,12,30,373,27
38,12,30,373,27
39,11,30,373,27
39,10,31,373,27
40,10,30,373,27
42,8,30,374,26
38,15,27,375,25
43,11,26,375,25
44,10,26,375,25
46,8,26,375,25
